2374
18914
4139
2553
2719
2190
7676
6749
1765
7929
20447
1075
9122
28410
2410
1634
1342
3968
2233
2241
3503
1989
39761
24963
20676
13681
1891
8093
3640
2941
2017
17495
3150
2127
7399
13565
2064
3931
5285
3639
2346
9077
3324
2583
728
68827
3118
3095
1877
2283
8106
10998
3426
2310
8064
6554
9894
6860
2839
3309
9306
2398
4760
2001
1874
21496
2691
1584
9858
4194
2692
6047
2936
1489
4186
7538
20145
5770
3895
1761
5693
11091
10754
10664
1641
1540
4025
11621
2559
1865
6814
7462
2252
2317
1794
9566
1167
4208
2654
5406
3458
2472
2543
3737
5306
8079
1317
2346
6905
3118
64108
61159
52817
59511
65799
65028
32817
51418
